$ANSIBLE_VAULT;1.1;AES256
36386337363230313030333739376234626264383433333134333639326462653961336332366166
6539616161373239313966316234326561373435393130350a316533343530303866633864626161
64373939653066336539326537626135316366313464333464656430323331616535376530383661
3664383339633132640a393463643537666338613832323439623037373436396431353761623662
34623532316261643834653633613830323832626134376334396333653863373266643631306134
61383266333834353939333162643561386231636261666135316363333937366665656465393635
35333064333337313366326466626138356430643165613762616363316632663235303964316137
34663661356636613364376163383634303538343865386238393565383133393361653861353763
37373361386434356537306361653737663838363561663937313330306464626633646565336239
64373061373335386233343162313035336266333966313466623330643861653539343435653933
64326330326139666133306331366639366330366131333263306232373038613133656365356437
66643862396366376336303231343132643136613938633161373534636537376338313439646661
63373036323031326537653339346637373038663861393264363137616666323065646234303636
39653933376238386465656135373461386265613634373235623134303964643531666338656562
30343433396635656437303966333662363036333730316335363162396366656332666131653963
37303231303738333431616436303630323232646537343065303262363164343562323136613833
37306538626138323431393438333239336633363761626564353063343733386331313131333732
32336539373639656365333136303432666434663565653165326134653738623836663433643166
37303336313438653566353136343531346335626634353966343139623030363535373464376137
37396663303039363065623833323232356138343931623039326531373038386130393032363633
35356663666162646334613561633764386135636538626639663765323761646434373864623939
64356539326531393336346133376365323732376131363932363966656130336130373532396666
37346135343531363039356234316666343662613832613838363439356337323934316436613637
35323033663362396233636130353839616161306332626161393439393962353762306162663636
30323961643861393065353438313063323236343831663463313966366130646138
